$ff49_abbr
      (Intercept) is_sec_insiderTRUE contributor.gender contributor.genderF
Chips -0.11703076          0.4580688         -0.1077458           -0.131972
Aero  -0.08379690          0.4698767         -0.1077458           -0.131972
Agric -0.20676758          0.7207770         -0.1077458           -0.131972
Autos -0.21316837          0.6942890         -0.1077458           -0.131972
Banks -0.02622585          0.6713655         -0.1077458           -0.131972
Beer  -0.16094084          0.4720671         -0.1077458           -0.131972
BldMt -0.10034572          0.8732467         -0.1077458           -0.131972
Books -0.22424679          0.3942240         -0.1077458           -0.131972
Boxes -0.11556149          0.7441778         -0.1077458           -0.131972
BusSv -0.20411284          0.4371329         -0.1077458           -0.131972
Chems -0.09258462          0.7410930         -0.1077458           -0.131972
Clths -0.21644635          0.4656642         -0.1077458           -0.131972
Cnstr -0.04121799          0.7049310         -0.1077458           -0.131972
Coal   0.34237583          0.4780556         -0.1077458           -0.131972
Drugs -0.11871323          0.2516669         -0.1077458           -0.131972
ElcEq -0.15446582          0.6310618         -0.1077458           -0.131972
FabPr -0.02099974          0.7596088         -0.1077458           -0.131972
Fin   -0.01900376          0.4336365         -0.1077458           -0.131972
Food  -0.15493161          0.7536527         -0.1077458           -0.131972
Fun   -0.25897544          0.4966387         -0.1077458           -0.131972
Gold  -0.04344798          0.5706191         -0.1077458           -0.131972
Guns  -0.04059985          0.3813160         -0.1077458           -0.131972
Hardw -0.18123988          0.5193432         -0.1077458           -0.131972
Hlth  -0.15950583          0.6734369         -0.1077458           -0.131972
Hshld -0.18074859          0.5275522         -0.1077458           -0.131972
Insur -0.11512738          0.5877161         -0.1077458           -0.131972
LabEq -0.18190865          0.5642688         -0.1077458           -0.131972
Mach  -0.03946475          0.4694406         -0.1077458           -0.131972
Meals -0.30217535          0.7104849         -0.1077458           -0.131972
MedEq -0.15162045          0.5075639         -0.1077458           -0.131972
Mines  0.02363774          0.5904863         -0.1077458           -0.131972
Oil    0.09225228          0.7977134         -0.1077458           -0.131972
Other -0.02948877          0.6084301         -0.1077458           -0.131972
Paper -0.13873487          0.7579855         -0.1077458           -0.131972
PerSv -0.13020840          0.5463977         -0.1077458           -0.131972
RlEst -0.08928429          0.4909290         -0.1077458           -0.131972
Rtail -0.24806294          0.5552709         -0.1077458           -0.131972
Rubbr -0.14215726          0.8114084         -0.1077458           -0.131972
Ships -0.02201840          0.4481538         -0.1077458           -0.131972
Smoke  0.04769663          0.4067067         -0.1077458           -0.131972
Soda   1.70221726         -0.2155382         -0.1077458           -0.131972
Softw -0.21140424          0.3144192         -0.1077458           -0.131972
Steel -0.09122053          0.7506030         -0.1077458           -0.131972
Telcm -0.21091896          0.4817381         -0.1077458           -0.131972
Toys  -0.22577991          0.5368833         -0.1077458           -0.131972
Trans  0.03474148          0.5995833         -0.1077458           -0.131972
Txtls -0.06505052          0.5893033         -0.1077458           -0.131972
Util   0.09523272          0.4128038         -0.1077458           -0.131972
Whlsl -0.11887013          0.6312806         -0.1077458           -0.131972
      contributor.genderU mean_cfscore_zipcode_wo_i
Chips            0.179151                 0.9749122
Aero             0.179151                 0.9749122
Agric            0.179151                 0.9749122
Autos            0.179151                 0.9749122
Banks            0.179151                 0.9749122
Beer             0.179151                 0.9749122
BldMt            0.179151                 0.9749122
Books            0.179151                 0.9749122
Boxes            0.179151                 0.9749122
BusSv            0.179151                 0.9749122
Chems            0.179151                 0.9749122
Clths            0.179151                 0.9749122
Cnstr            0.179151                 0.9749122
Coal             0.179151                 0.9749122
Drugs            0.179151                 0.9749122
ElcEq            0.179151                 0.9749122
FabPr            0.179151                 0.9749122
Fin              0.179151                 0.9749122
Food             0.179151                 0.9749122
Fun              0.179151                 0.9749122
Gold             0.179151                 0.9749122
Guns             0.179151                 0.9749122
Hardw            0.179151                 0.9749122
Hlth             0.179151                 0.9749122
Hshld            0.179151                 0.9749122
Insur            0.179151                 0.9749122
LabEq            0.179151                 0.9749122
Mach             0.179151                 0.9749122
Meals            0.179151                 0.9749122
MedEq            0.179151                 0.9749122
Mines            0.179151                 0.9749122
Oil              0.179151                 0.9749122
Other            0.179151                 0.9749122
Paper            0.179151                 0.9749122
PerSv            0.179151                 0.9749122
RlEst            0.179151                 0.9749122
Rtail            0.179151                 0.9749122
Rubbr            0.179151                 0.9749122
Ships            0.179151                 0.9749122
Smoke            0.179151                 0.9749122
Soda             0.179151                 0.9749122
Softw            0.179151                 0.9749122
Steel            0.179151                 0.9749122
Telcm            0.179151                 0.9749122
Toys             0.179151                 0.9749122
Trans            0.179151                 0.9749122
Txtls            0.179151                 0.9749122
Util             0.179151                 0.9749122
Whlsl            0.179151                 0.9749122

attr(,"class")
[1] "coef.mer"
