$ff49_abbr
       (Intercept) is_sec_insiderTRUE contributor.gender contributor.genderF
Chips -0.117287309          0.5169016         -0.1078703          -0.1319917
Aero  -0.084007421          0.5169016         -0.1078703          -0.1319917
Agric -0.202840898          0.5169016         -0.1078703          -0.1319917
Autos -0.211898583          0.5169016         -0.1078703          -0.1319917
Banks -0.023396966          0.5169016         -0.1078703          -0.1319917
Beer  -0.161374690          0.5169016         -0.1078703          -0.1319917
BldMt -0.095675621          0.5169016         -0.1078703          -0.1319917
Books -0.224608375          0.5169016         -0.1078703          -0.1319917
Boxes -0.111183769          0.5169016         -0.1078703          -0.1319917
BusSv -0.204432201          0.5169016         -0.1078703          -0.1319917
Chems -0.086536587          0.5169016         -0.1078703          -0.1319917
Clths -0.216819163          0.5169016         -0.1078703          -0.1319917
Cnstr -0.038393407          0.5169016         -0.1078703          -0.1319917
Coal   0.339699823          0.5169016         -0.1078703          -0.1319917
Drugs -0.124076897          0.5169016         -0.1078703          -0.1319917
ElcEq -0.153244603          0.5169016         -0.1078703          -0.1319917
FabPr -0.008755926          0.5169016         -0.1078703          -0.1319917
Fin   -0.021693244          0.5169016         -0.1078703          -0.1319917
Food  -0.150579251          0.5169016         -0.1078703          -0.1319917
Fun   -0.259032054          0.5169016         -0.1078703          -0.1319917
Gold  -0.040296422          0.5169016         -0.1078703          -0.1319917
Guns  -0.041642324          0.5169016         -0.1078703          -0.1319917
Hardw -0.181077265          0.5169016         -0.1078703          -0.1319917
Hlth  -0.157568539          0.5169016         -0.1078703          -0.1319917
Hshld -0.180546424          0.5169016         -0.1078703          -0.1319917
Insur -0.114400523          0.5169016         -0.1078703          -0.1319917
LabEq -0.181521660          0.5169016         -0.1078703          -0.1319917
Mach  -0.039951093          0.5169016         -0.1078703          -0.1319917
Meals -0.301010455          0.5169016         -0.1078703          -0.1319917
MedEq -0.151646105          0.5169016         -0.1078703          -0.1319917
Mines  0.026670794          0.5169016         -0.1078703          -0.1319917
Oil    0.099895709          0.5169016         -0.1078703          -0.1319917
Other -0.028511530          0.5169016         -0.1078703          -0.1319917
Paper -0.136331115          0.5169016         -0.1078703          -0.1319917
PerSv -0.129897548          0.5169016         -0.1078703          -0.1319917
RlEst -0.089394047          0.5169016         -0.1078703          -0.1319917
Rtail -0.247783653          0.5169016         -0.1078703          -0.1319917
Rubbr -0.133412113          0.5169016         -0.1078703          -0.1319917
Ships -0.022681549          0.5169016         -0.1078703          -0.1319917
Smoke  0.041095270          0.5169016         -0.1078703          -0.1319917
Soda   1.684247560          0.5169016         -0.1078703          -0.1319917
Softw -0.211991702          0.5169016         -0.1078703          -0.1319917
Steel -0.087195819          0.5169016         -0.1078703          -0.1319917
Telcm -0.210960819          0.5169016         -0.1078703          -0.1319917
Toys  -0.225681979          0.5169016         -0.1078703          -0.1319917
Trans  0.035326416          0.5169016         -0.1078703          -0.1319917
Txtls -0.063975235          0.5169016         -0.1078703          -0.1319917
Util   0.093227811          0.5169016         -0.1078703          -0.1319917
Whlsl -0.117720887          0.5169016         -0.1078703          -0.1319917
      contributor.genderU mean_cfscore_zipcode_wo_i
Chips           0.1791854                 0.9751688
Aero            0.1791854                 0.9751688
Agric           0.1791854                 0.9751688
Autos           0.1791854                 0.9751688
Banks           0.1791854                 0.9751688
Beer            0.1791854                 0.9751688
BldMt           0.1791854                 0.9751688
Books           0.1791854                 0.9751688
Boxes           0.1791854                 0.9751688
BusSv           0.1791854                 0.9751688
Chems           0.1791854                 0.9751688
Clths           0.1791854                 0.9751688
Cnstr           0.1791854                 0.9751688
Coal            0.1791854                 0.9751688
Drugs           0.1791854                 0.9751688
ElcEq           0.1791854                 0.9751688
FabPr           0.1791854                 0.9751688
Fin             0.1791854                 0.9751688
Food            0.1791854                 0.9751688
Fun             0.1791854                 0.9751688
Gold            0.1791854                 0.9751688
Guns            0.1791854                 0.9751688
Hardw           0.1791854                 0.9751688
Hlth            0.1791854                 0.9751688
Hshld           0.1791854                 0.9751688
Insur           0.1791854                 0.9751688
LabEq           0.1791854                 0.9751688
Mach            0.1791854                 0.9751688
Meals           0.1791854                 0.9751688
MedEq           0.1791854                 0.9751688
Mines           0.1791854                 0.9751688
Oil             0.1791854                 0.9751688
Other           0.1791854                 0.9751688
Paper           0.1791854                 0.9751688
PerSv           0.1791854                 0.9751688
RlEst           0.1791854                 0.9751688
Rtail           0.1791854                 0.9751688
Rubbr           0.1791854                 0.9751688
Ships           0.1791854                 0.9751688
Smoke           0.1791854                 0.9751688
Soda            0.1791854                 0.9751688
Softw           0.1791854                 0.9751688
Steel           0.1791854                 0.9751688
Telcm           0.1791854                 0.9751688
Toys            0.1791854                 0.9751688
Trans           0.1791854                 0.9751688
Txtls           0.1791854                 0.9751688
Util            0.1791854                 0.9751688
Whlsl           0.1791854                 0.9751688

attr(,"class")
[1] "coef.mer"
