$ff49_abbr
      (Intercept) is_sec_insiderTRUE contributor.gender contributor.genderF
Chips -0.11703017          0.4578360         -0.1077454          -0.1319716
Aero  -0.08379575          0.4695560         -0.1077454          -0.1319716
Agric -0.20679508          0.7220843         -0.1077454          -0.1319716
Autos -0.21317113          0.6946083         -0.1077454          -0.1319716
Banks -0.02622775          0.6714819         -0.1077454          -0.1319716
Beer  -0.16093741          0.4713769         -0.1077454          -0.1319716
BldMt -0.10036237          0.8748581         -0.1077454          -0.1319716
Books -0.22424321          0.3916723         -0.1077454          -0.1319716
Boxes -0.11558691          0.7457691         -0.1077454          -0.1319716
BusSv -0.20411295          0.4370036         -0.1077454          -0.1319716
Chems -0.09259501          0.7415580         -0.1077454          -0.1319716
Clths -0.21644413          0.4649860         -0.1077454          -0.1319716
Cnstr -0.04122450          0.7055154         -0.1077454          -0.1319716
Coal   0.34256744          0.4780027         -0.1077454          -0.1319716
Drugs -0.11871109          0.2514933         -0.1077454          -0.1319716
ElcEq -0.15446986          0.6313634         -0.1077454          -0.1319716
FabPr -0.02109728          0.7627206         -0.1077454          -0.1319716
Fin   -0.01900195          0.4335602         -0.1077454          -0.1319716
Food  -0.15494408          0.7543977         -0.1077454          -0.1319716
Fun   -0.25897484          0.4961278         -0.1077454          -0.1319716
Gold  -0.04344981          0.5709316         -0.1077454          -0.1319716
Guns  -0.04059300          0.3801984         -0.1077454          -0.1319716
Hardw -0.18124014          0.5191214         -0.1077454          -0.1319716
Hlth  -0.15950853          0.6736197         -0.1077454          -0.1319716
Hshld -0.18074840          0.5272786         -0.1077454          -0.1319716
Insur -0.11512814          0.5877368         -0.1077454          -0.1319716
LabEq -0.18190968          0.5641468         -0.1077454          -0.1319716
Mach  -0.03946280          0.4692151         -0.1077454          -0.1319716
Meals -0.30217829          0.7108147         -0.1077454          -0.1319716
MedEq -0.15162009          0.5074528         -0.1077454          -0.1319716
Mines  0.02363410          0.5907729         -0.1077454          -0.1319716
Oil    0.09224645          0.7980364         -0.1077454          -0.1319716
Other -0.02949072          0.6087073         -0.1077454          -0.1319716
Paper -0.13875067          0.7598397         -0.1077454          -0.1319716
PerSv -0.13020874          0.5463092         -0.1077454          -0.1319716
RlEst -0.08928259          0.4905710         -0.1077454          -0.1319716
Rtail -0.24806349          0.5552150         -0.1077454          -0.1319716
Rubbr -0.14220559          0.8133359         -0.1077454          -0.1319716
Ships -0.02200894          0.4470494         -0.1077454          -0.1319716
Smoke  0.04780071          0.4049580         -0.1077454          -0.1319716
Soda   1.70357301         -0.2255038         -0.1077454          -0.1319716
Softw -0.21140414          0.3141527         -0.1077454          -0.1319716
Steel -0.09123710          0.7518175         -0.1077454          -0.1319716
Telcm -0.21091889          0.4814879         -0.1077454          -0.1319716
Toys  -0.22578308          0.5360807         -0.1077454          -0.1319716
Trans  0.03474092          0.5996662         -0.1077454          -0.1319716
Txtls -0.06505745          0.5899370         -0.1077454          -0.1319716
Util   0.09523459          0.4127060         -0.1077454          -0.1319716
Whlsl -0.11887193          0.6314340         -0.1077454          -0.1319716
      contributor.genderU mean_cfscore_zipcode_wo_i
Chips           0.1791513                 0.9749116
Aero            0.1791513                 0.9749116
Agric           0.1791513                 0.9749116
Autos           0.1791513                 0.9749116
Banks           0.1791513                 0.9749116
Beer            0.1791513                 0.9749116
BldMt           0.1791513                 0.9749116
Books           0.1791513                 0.9749116
Boxes           0.1791513                 0.9749116
BusSv           0.1791513                 0.9749116
Chems           0.1791513                 0.9749116
Clths           0.1791513                 0.9749116
Cnstr           0.1791513                 0.9749116
Coal            0.1791513                 0.9749116
Drugs           0.1791513                 0.9749116
ElcEq           0.1791513                 0.9749116
FabPr           0.1791513                 0.9749116
Fin             0.1791513                 0.9749116
Food            0.1791513                 0.9749116
Fun             0.1791513                 0.9749116
Gold            0.1791513                 0.9749116
Guns            0.1791513                 0.9749116
Hardw           0.1791513                 0.9749116
Hlth            0.1791513                 0.9749116
Hshld           0.1791513                 0.9749116
Insur           0.1791513                 0.9749116
LabEq           0.1791513                 0.9749116
Mach            0.1791513                 0.9749116
Meals           0.1791513                 0.9749116
MedEq           0.1791513                 0.9749116
Mines           0.1791513                 0.9749116
Oil             0.1791513                 0.9749116
Other           0.1791513                 0.9749116
Paper           0.1791513                 0.9749116
PerSv           0.1791513                 0.9749116
RlEst           0.1791513                 0.9749116
Rtail           0.1791513                 0.9749116
Rubbr           0.1791513                 0.9749116
Ships           0.1791513                 0.9749116
Smoke           0.1791513                 0.9749116
Soda            0.1791513                 0.9749116
Softw           0.1791513                 0.9749116
Steel           0.1791513                 0.9749116
Telcm           0.1791513                 0.9749116
Toys            0.1791513                 0.9749116
Trans           0.1791513                 0.9749116
Txtls           0.1791513                 0.9749116
Util            0.1791513                 0.9749116
Whlsl           0.1791513                 0.9749116

attr(,"class")
[1] "coef.mer"
