$ff49_abbr
       (Intercept)    cycle2020   cycle2024 mean_dyn_cfscore_zipcode_cycle_wo_i
Aero  -0.103756093  0.070296863 -0.13179104                           0.7905841
Agric  0.092454549  0.004292943 -0.13126579                           0.7905841
Autos -0.162429983  0.071901928 -0.11214758                           0.7905841
Banks  0.324331492 -0.133012552 -0.51130094                           0.7905841
Beer  -0.252073294  0.083805069 -0.04741607                           0.7905841
BldMt  0.230088249 -0.098937303 -0.36313595                           0.7905841
Books -0.309091335  0.159978175 -0.03368938                           0.7905841
Boxes  0.021421327 -0.163960898 -0.21768371                           0.7905841
BusSv -0.222042813  0.074245320 -0.09313661                           0.7905841
Chems  0.438327289 -0.253043104 -0.51261407                           0.7905841
Chips -0.220278761  0.143979732 -0.06362299                           0.7905841
Clths -0.270551930  0.138105255 -0.08117115                           0.7905841
Cnstr  0.210088191  0.039283612 -0.14735383                           0.7905841
Coal   0.196897376 -0.017652769 -0.17673495                           0.7905841
Drugs -0.087877723 -0.001619065 -0.19099128                           0.7905841
ElcEq -0.100653208  0.033563037 -0.16930639                           0.7905841
FabPr  0.220291307 -0.280242717 -0.37899204                           0.7905841
Fin    0.054764761 -0.081705826 -0.26710766                           0.7905841
Food  -0.146179004  0.083067652 -0.07842098                           0.7905841
Fun   -0.266063825  0.063583254 -0.08439139                           0.7905841
Gold   0.605989996 -0.180776200 -0.34190068                           0.7905841
Guns   0.129948835 -0.128720132 -0.33630359                           0.7905841
Hardw -0.264036667  0.109782095 -0.06213178                           0.7905841
Hlth   0.083359467 -0.116876542 -0.28939916                           0.7905841
Hshld -0.175322543  0.023638802 -0.14289291                           0.7905841
Insur  0.122851996 -0.181868491 -0.36599722                           0.7905841
LabEq -0.260827674  0.120603506 -0.08313872                           0.7905841
Mach   0.430533186 -0.065032576 -0.65720287                           0.7905841
Meals -0.361708311  0.194556240  0.09172673                           0.7905841
MedEq -0.094787275  0.042254438 -0.17733430                           0.7905841
Mines  0.615936631 -0.266440679 -0.53403151                           0.7905841
Oil    0.347675693 -0.136541275 -0.31712525                           0.7905841
Other  0.172366595 -0.242825831 -0.29131539                           0.7905841
Paper  0.143431640 -0.147406321 -0.31167699                           0.7905841
PerSv -0.118224569  0.029748879 -0.09592186                           0.7905841
RlEst  0.028974546 -0.118557441 -0.23003119                           0.7905841
Rtail -0.260033486  0.094136006 -0.08168173                           0.7905841
Rubbr  0.007710363  0.098344757 -0.01701273                           0.7905841
Ships  0.227106632 -0.075299932 -0.17067013                           0.7905841
Smoke  0.254684876 -0.018141274 -0.08680676                           0.7905841
Soda   3.562699946 -3.539920324 -3.70436385                           0.7905841
Softw -0.280579869  0.107276517 -0.06087016                           0.7905841
Steel  0.065111945  0.185131645 -0.06767107                           0.7905841
Telcm -0.228202727  0.088882589 -0.08281754                           0.7905841
Toys  -0.240595608  0.071948639 -0.12783262                           0.7905841
Trans  0.437317429 -0.338909261 -0.51726133                           0.7905841
Txtls -0.174433656  0.068173191 -0.12179134                           0.7905841
Util   0.386700699 -0.064476270 -0.35698705                           0.7905841
Whlsl -0.028862112 -0.062398584 -0.24339049                           0.7905841
      contributor.genderF contributor.genderU
Aero           -0.1247308        -0.004207738
Agric          -0.1247308        -0.004207738
Autos          -0.1247308        -0.004207738
Banks          -0.1247308        -0.004207738
Beer           -0.1247308        -0.004207738
BldMt          -0.1247308        -0.004207738
Books          -0.1247308        -0.004207738
Boxes          -0.1247308        -0.004207738
BusSv          -0.1247308        -0.004207738
Chems          -0.1247308        -0.004207738
Chips          -0.1247308        -0.004207738
Clths          -0.1247308        -0.004207738
Cnstr          -0.1247308        -0.004207738
Coal           -0.1247308        -0.004207738
Drugs          -0.1247308        -0.004207738
ElcEq          -0.1247308        -0.004207738
FabPr          -0.1247308        -0.004207738
Fin            -0.1247308        -0.004207738
Food           -0.1247308        -0.004207738
Fun            -0.1247308        -0.004207738
Gold           -0.1247308        -0.004207738
Guns           -0.1247308        -0.004207738
Hardw          -0.1247308        -0.004207738
Hlth           -0.1247308        -0.004207738
Hshld          -0.1247308        -0.004207738
Insur          -0.1247308        -0.004207738
LabEq          -0.1247308        -0.004207738
Mach           -0.1247308        -0.004207738
Meals          -0.1247308        -0.004207738
MedEq          -0.1247308        -0.004207738
Mines          -0.1247308        -0.004207738
Oil            -0.1247308        -0.004207738
Other          -0.1247308        -0.004207738
Paper          -0.1247308        -0.004207738
PerSv          -0.1247308        -0.004207738
RlEst          -0.1247308        -0.004207738
Rtail          -0.1247308        -0.004207738
Rubbr          -0.1247308        -0.004207738
Ships          -0.1247308        -0.004207738
Smoke          -0.1247308        -0.004207738
Soda           -0.1247308        -0.004207738
Softw          -0.1247308        -0.004207738
Steel          -0.1247308        -0.004207738
Telcm          -0.1247308        -0.004207738
Toys           -0.1247308        -0.004207738
Trans          -0.1247308        -0.004207738
Txtls          -0.1247308        -0.004207738
Util           -0.1247308        -0.004207738
Whlsl          -0.1247308        -0.004207738

attr(,"class")
[1] "coef.mer"
