$ff49_abbr
       (Intercept)    cycle2020   cycle2024 mean_dyn_cfscore_zipcode_cycle_wo_i
Aero  -0.103758490  0.070302179 -0.13181157                           0.7905784
Agric  0.092361868  0.004245775 -0.13075782                           0.7905784
Autos -0.162435485  0.071901912 -0.11216443                           0.7905784
Banks  0.324328724 -0.132988387 -0.51135526                           0.7905784
Beer  -0.252079597  0.083762337 -0.04738752                           0.7905784
BldMt  0.230076039 -0.098865829 -0.36321414                           0.7905784
Books -0.309100542  0.159988108 -0.03373965                           0.7905784
Boxes  0.021467864 -0.164460673 -0.21727774                           0.7905784
BusSv -0.222047230  0.074243295 -0.09313902                           0.7905784
Chems  0.438324472 -0.252994484 -0.51265122                           0.7905784
Chips -0.220284286  0.143984808 -0.06363494                           0.7905784
Clths -0.270560896  0.138122641 -0.08122972                           0.7905784
Cnstr  0.210067211  0.039300121 -0.14722647                           0.7905784
Coal   0.196677078 -0.016826149 -0.17427998                           0.7905784
Drugs -0.087880900 -0.001620964 -0.19099760                           0.7905784
ElcEq -0.100660210  0.033576646 -0.16935496                           0.7905784
FabPr  0.220651412 -0.281403025 -0.37841613                           0.7905784
Fin    0.054762105 -0.081709792 -0.26710961                           0.7905784
Food  -0.146192993  0.083055309 -0.07838230                           0.7905784
Fun   -0.266066431  0.063559120 -0.08440738                           0.7905784
Gold   0.605821393 -0.179464679 -0.33811229                           0.7905784
Guns   0.129949980 -0.128711348 -0.33634474                           0.7905784
Hardw -0.264041373  0.109780221 -0.06213714                           0.7905784
Hlth   0.083357812 -0.116889161 -0.28939387                           0.7905784
Hshld -0.175323816  0.023620520 -0.14291684                           0.7905784
Insur  0.122850570 -0.181874404 -0.36600320                           0.7905784
LabEq -0.260834866  0.120614029 -0.08317383                           0.7905784
Mach   0.430531516 -0.064921675 -0.65748537                           0.7905784
Meals -0.361715063  0.194540924  0.09175986                           0.7905784
MedEq -0.094792857  0.042264212 -0.17735864                           0.7905784
Mines  0.615911259 -0.266191481 -0.53386704                           0.7905784
Oil    0.347671598 -0.136548704 -0.31705337                           0.7905784
Other  0.172369432 -0.242943830 -0.29111357                           0.7905784
Paper  0.143437710 -0.147463449 -0.31161076                           0.7905784
PerSv -0.118229464  0.029728844 -0.09588659                           0.7905784
RlEst  0.028978454 -0.118626625 -0.22992790                           0.7905784
Rtail -0.260037132  0.094133781 -0.08168782                           0.7905784
Rubbr  0.007612894  0.098281214 -0.01638159                           0.7905784
Ships  0.227079115 -0.075477524 -0.16991966                           0.7905784
Smoke  0.254211668 -0.018450057 -0.08477897                           0.7905784
Soda   3.564904333 -3.546963989 -3.70891539                           0.7905784
Softw -0.280584704  0.107275394 -0.06087178                           0.7905784
Steel  0.065038974  0.185334090 -0.06755659                           0.7905784
Telcm -0.228206846  0.088879883 -0.08282291                           0.7905784
Toys  -0.240599849  0.071959716 -0.12812264                           0.7905784
Trans  0.437316888 -0.338919317 -0.51724772                           0.7905784
Txtls -0.174476904  0.068190519 -0.12200721                           0.7905784
Util   0.386695294 -0.064456275 -0.35699178                           0.7905784
Whlsl -0.028864165 -0.062405372 -0.24340382                           0.7905784
      contributor.genderF contributor.genderU
Aero           -0.1247286        -0.004225313
Agric          -0.1247286        -0.004225313
Autos          -0.1247286        -0.004225313
Banks          -0.1247286        -0.004225313
Beer           -0.1247286        -0.004225313
BldMt          -0.1247286        -0.004225313
Books          -0.1247286        -0.004225313
Boxes          -0.1247286        -0.004225313
BusSv          -0.1247286        -0.004225313
Chems          -0.1247286        -0.004225313
Chips          -0.1247286        -0.004225313
Clths          -0.1247286        -0.004225313
Cnstr          -0.1247286        -0.004225313
Coal           -0.1247286        -0.004225313
Drugs          -0.1247286        -0.004225313
ElcEq          -0.1247286        -0.004225313
FabPr          -0.1247286        -0.004225313
Fin            -0.1247286        -0.004225313
Food           -0.1247286        -0.004225313
Fun            -0.1247286        -0.004225313
Gold           -0.1247286        -0.004225313
Guns           -0.1247286        -0.004225313
Hardw          -0.1247286        -0.004225313
Hlth           -0.1247286        -0.004225313
Hshld          -0.1247286        -0.004225313
Insur          -0.1247286        -0.004225313
LabEq          -0.1247286        -0.004225313
Mach           -0.1247286        -0.004225313
Meals          -0.1247286        -0.004225313
MedEq          -0.1247286        -0.004225313
Mines          -0.1247286        -0.004225313
Oil            -0.1247286        -0.004225313
Other          -0.1247286        -0.004225313
Paper          -0.1247286        -0.004225313
PerSv          -0.1247286        -0.004225313
RlEst          -0.1247286        -0.004225313
Rtail          -0.1247286        -0.004225313
Rubbr          -0.1247286        -0.004225313
Ships          -0.1247286        -0.004225313
Smoke          -0.1247286        -0.004225313
Soda           -0.1247286        -0.004225313
Softw          -0.1247286        -0.004225313
Steel          -0.1247286        -0.004225313
Telcm          -0.1247286        -0.004225313
Toys           -0.1247286        -0.004225313
Trans          -0.1247286        -0.004225313
Txtls          -0.1247286        -0.004225313
Util           -0.1247286        -0.004225313
Whlsl          -0.1247286        -0.004225313

attr(,"class")
[1] "coef.mer"
