$ff49_abbr
       (Intercept)  cycle2020  cycle2024 mean_dyn_cfscore_zipcode_cycle_wo_i
Aero  -0.078668772 0.01002949 -0.1849383                           0.8167326
Agric  0.132203264 0.01002949 -0.1849383                           0.8167326
Autos -0.092687454 0.01002949 -0.1849383                           0.8167326
Banks  0.183273086 0.01002949 -0.1849383                           0.8167326
Beer  -0.146616097 0.01002949 -0.1849383                           0.8167326
BldMt  0.136797754 0.01002949 -0.1849383                           0.8167326
Books -0.169354733 0.01002949 -0.1849383                           0.8167326
Boxes -0.049981902 0.01002949 -0.1849383                           0.8167326
BusSv -0.139010402 0.01002949 -0.1849383                           0.8167326
Chems  0.217094004 0.01002949 -0.1849383                           0.8167326
Chips -0.098590451 0.01002949 -0.1849383                           0.8167326
Clths -0.148177495 0.01002949 -0.1849383                           0.8167326
Cnstr  0.251541405 0.01002949 -0.1849383                           0.8167326
Coal   0.229872840 0.01002949 -0.1849383                           0.8167326
Drugs -0.079015307 0.01002949 -0.1849383                           0.8167326
ElcEq -0.066788710 0.01002949 -0.1849383                           0.8167326
FabPr  0.025877381 0.01002949 -0.1849383                           0.8167326
Fin    0.002774245 0.01002949 -0.1849383                           0.8167326
Food  -0.056945356 0.01002949 -0.1849383                           0.8167326
Fun   -0.190056336 0.01002949 -0.1849383                           0.8167326
Gold   0.560568905 0.01002949 -0.1849383                           0.8167326
Guns   0.029444379 0.01002949 -0.1849383                           0.8167326
Hardw -0.160421625 0.01002949 -0.1849383                           0.8167326
Hlth   0.002006335 0.01002949 -0.1849383                           0.8167326
Hshld -0.135323260 0.01002949 -0.1849383                           0.8167326
Insur  0.001710526 0.01002949 -0.1849383                           0.8167326
LabEq -0.150130751 0.01002949 -0.1849383                           0.8167326
Mach   0.307846911 0.01002949 -0.1849383                           0.8167326
Meals -0.173237382 0.01002949 -0.1849383                           0.8167326
MedEq -0.058200257 0.01002949 -0.1849383                           0.8167326
Mines  0.412486316 0.01002949 -0.1849383                           0.8167326
Oil    0.256127270 0.01002949 -0.1849383                           0.8167326
Other  0.051138504 0.01002949 -0.1849383                           0.8167326
Paper  0.038621992 0.01002949 -0.1849383                           0.8167326
PerSv -0.065365565 0.01002949 -0.1849383                           0.8167326
RlEst -0.037544763 0.01002949 -0.1849383                           0.8167326
Rtail -0.169375953 0.01002949 -0.1849383                           0.8167326
Rubbr  0.132526056 0.01002949 -0.1849383                           0.8167326
Ships  0.209217958 0.01002949 -0.1849383                           0.8167326
Smoke  0.339425285 0.01002949 -0.1849383                           0.8167326
Soda   1.844452331 0.01002949 -0.1849383                           0.8167326
Softw -0.168522582 0.01002949 -0.1849383                           0.8167326
Steel  0.205125162 0.01002949 -0.1849383                           0.8167326
Telcm -0.140665772 0.01002949 -0.1849383                           0.8167326
Toys  -0.174345513 0.01002949 -0.1849383                           0.8167326
Trans  0.213568544 0.01002949 -0.1849383                           0.8167326
Txtls -0.107683598 0.01002949 -0.1849383                           0.8167326
Util   0.319642575 0.01002949 -0.1849383                           0.8167326
Whlsl -0.065154777 0.01002949 -0.1849383                           0.8167326
      contributor.genderF contributor.genderU
Aero           -0.1256927           0.0128376
Agric          -0.1256927           0.0128376
Autos          -0.1256927           0.0128376
Banks          -0.1256927           0.0128376
Beer           -0.1256927           0.0128376
BldMt          -0.1256927           0.0128376
Books          -0.1256927           0.0128376
Boxes          -0.1256927           0.0128376
BusSv          -0.1256927           0.0128376
Chems          -0.1256927           0.0128376
Chips          -0.1256927           0.0128376
Clths          -0.1256927           0.0128376
Cnstr          -0.1256927           0.0128376
Coal           -0.1256927           0.0128376
Drugs          -0.1256927           0.0128376
ElcEq          -0.1256927           0.0128376
FabPr          -0.1256927           0.0128376
Fin            -0.1256927           0.0128376
Food           -0.1256927           0.0128376
Fun            -0.1256927           0.0128376
Gold           -0.1256927           0.0128376
Guns           -0.1256927           0.0128376
Hardw          -0.1256927           0.0128376
Hlth           -0.1256927           0.0128376
Hshld          -0.1256927           0.0128376
Insur          -0.1256927           0.0128376
LabEq          -0.1256927           0.0128376
Mach           -0.1256927           0.0128376
Meals          -0.1256927           0.0128376
MedEq          -0.1256927           0.0128376
Mines          -0.1256927           0.0128376
Oil            -0.1256927           0.0128376
Other          -0.1256927           0.0128376
Paper          -0.1256927           0.0128376
PerSv          -0.1256927           0.0128376
RlEst          -0.1256927           0.0128376
Rtail          -0.1256927           0.0128376
Rubbr          -0.1256927           0.0128376
Ships          -0.1256927           0.0128376
Smoke          -0.1256927           0.0128376
Soda           -0.1256927           0.0128376
Softw          -0.1256927           0.0128376
Steel          -0.1256927           0.0128376
Telcm          -0.1256927           0.0128376
Toys           -0.1256927           0.0128376
Trans          -0.1256927           0.0128376
Txtls          -0.1256927           0.0128376
Util           -0.1256927           0.0128376
Whlsl          -0.1256927           0.0128376

attr(,"class")
[1] "coef.mer"
